0,0.08055157959461212,0.5347993969917297,0.11738643050193787,0.19144868850708008,vehicle,0.9797065258026123,0.8,low-res
0,0.2719321548938751,0.15200312435626984,0.036982595920562744,0.06082938611507416,vehicle,0.9643713235855103,0.8,low-res
0,0.2178371399641037,0.11806789040565491,0.03883467614650726,0.05458945035934448,vehicle,0.9413011074066162,0.8,low-res
0,0.0842064619064331,0.0729362741112709,0.651841789484024,0.9270637035369873,vehicle,0.9196957349777222,0.8,low-res
0,0.285277396440506,0.05751364305615425,0.02466672658920288,0.031715791672468185,vehicle,0.8711758255958557,0.8,mpeg
0,0.44523850083351135,0.29623642563819885,0.052069783210754395,0.11488339304924011,vehicle,0.8576528429985046,0.8,mpeg
0,0.46584269404411316,0.4261223375797272,0.069068044424057,0.18158915638923645,vehicle,0.8449677228927612,0.8,mpeg
0,0.2986772954463959,0.2756926119327545,0.048232078552246094,0.10472103953361511,vehicle,0.8172576427459717,0.8,mpeg
0,0.31203699111938477,0.02226235531270504,0.018766164779663086,0.02205243892967701,vehicle,0.3786187171936035,0.8,high-res
0,0.6747695803642273,0.19310308992862701,0.03618347644805908,0.07389535009860992,persons,0.6001904606819153,0.8,high-res
0,0.0494053028523922,0.6241045594215393,0.010497525334358215,0.0459517240524292,persons,0.5132794976234436,0.8,high-res
1,0.08167633414268494,0.0,0.8194983303546906,1.0,vehicle,0.9746256470680237,0.8,low-res
1,0.2069370597600937,0.30788829922676086,0.06829039752483368,0.1223670244216919,vehicle,0.9372591376304626,0.8,low-res
1,0.27932122349739075,0.13075684010982513,0.03820812702178955,0.04847797751426697,vehicle,0.9293491244316101,0.8,low-res
1,0.22187089920043945,0.12554475665092468,0.03451809287071228,0.053719520568847656,vehicle,0.9126549959182739,0.8,low-res
1,0.8366179466247559,0.44343358278274536,0.10763084888458252,0.15325504541397095,vehicle,0.9053617119789124,0.8,mpeg
1,0.46800974011421204,0.48082152009010315,0.0762505829334259,0.19511690735816956,vehicle,0.8953235745429993,0.8,low-res
1,0.45157647132873535,0.3374972939491272,0.05243659019470215,0.1288292109966278,vehicle,0.8636020421981812,0.8,mpeg
1,0.3197789192199707,0.054129745811223984,0.021548748016357422,0.04086575284600258,vehicle,0.5707682371139526,0.8,high-res
2,0.3107326328754425,0.02071932889521122,0.022218137979507446,0.03700593672692776,vehicle,0.5697957873344421,0.8,low-res
2,0.22245079278945923,0.1304888278245926,0.03465980291366577,0.05312064290046692,vehicle,0.9833576083183289,0.8,low-res
2,0.0,0.8551744222640991,0.06758495420217514,0.1386846899986267,vehicle,0.9973785877227783,0.8,mpeg
2,0.24709735810756683,0.2619091272354126,0.05154182016849518,0.07995745539665222,vehicle,0.9577431678771973,0.8,low-res
2,0.057218998670578,0.02418316714465618,0.5997531414031982,0.9758168328553438,vehicle,0.9520472288131714,0.8,mpeg
2,0.4543558657169342,0.3757281005382538,0.05259785056114197,0.13286885619163513,vehicle,0.9362021088600159,0.8,low-res
2,0.3242006301879883,0.1202990785241127,0.02637118101119995,0.0422971174120903,vehicle,0.8790286183357239,0.8,low-res
2,0.22277481853961945,0.27935853600502014,0.006778687238693237,0.03598269820213318,persons,0.3273404836654663,0.8,mpeg
3,0.3434215188026428,0.015994379296898842,0.026147782802581787,0.03189357928931713,vehicle,0.4158569574356079,0.8,mpeg
3,0.06527131795883179,0.0,0.8772827982902527,1.0,vehicle,0.8192225694656372,0.8,mpeg
3,0.32072892785072327,0.08517364412546158,0.022937357425689697,0.034082017838954926,vehicle,0.7115752100944519,0.8,low-res
3,0.22230565547943115,0.13115978240966797,0.03662300109863281,0.054766252636909485,vehicle,0.9861728549003601,0.8,mpeg
3,0.45680782198905945,0.4353009760379791,0.05654856562614441,0.1506952941417694,vehicle,0.9500826001167297,0.8,mpeg
3,0.055244080722332,0.5937994122505188,0.13796448707580566,0.2521490454673767,vehicle,0.8807012438774109,0.8,mpeg
3,0.3175245523452759,0.19880416989326477,0.03867581486701965,0.07240071892738342,vehicle,0.6343101263046265,0.8,mpeg
3,0.311496764421463,0.03168003633618355,0.015183508396148682,0.020021729171276093,vehicle,0.37421077489852905,0.8,high-res
4,0.35928189754486084,0.052481379359960556,0.021118879318237305,0.03209305182099342,vehicle,0.5406771898269653,0.8,mpeg
4,0.22343134880065918,0.13426516950130463,0.035086989402770996,0.061565667390823364,vehicle,0.9728231430053711,0.8,mpeg
4,0.32188645005226135,0.1561262458562851,0.030465781688690186,0.043649569153785706,vehicle,0.9349321722984314,0.8,low-res
4,0.08413326740264893,0.0,0.6600520014762878,1.0,vehicle,0.892173707485199,0.8,mpeg
4,0.27823448181152344,0.372849702835083,0.059434473514556885,0.11954420804977417,vehicle,0.8491569757461548,0.8,mpeg
4,0.09988721460103989,0.5545493364334106,0.008328288793563843,0.042163968086242676,persons,0.6526408195495605,0.8,mpeg
4,0.31755173206329346,0.10212381929159164,0.02620720863342285,0.04216570407152176,vehicle,0.40407106280326843,0.8,high-res
5,0.06473052501678467,0.007067627273499966,0.9331155717372894,0.9929323913529515,vehicle,0.8286103010177612,0.8,mpeg
5,0.2783070504665375,0.07660280168056488,0.027863621711730957,0.04425651580095291,vehicle,0.3816613554954529,0.8,mpeg
5,0.22278641164302826,0.13271023333072662,0.03645835816860199,0.05830356478691101,vehicle,0.9883933663368225,0.8,low-res
5,0.38062334060668945,0.10028485208749771,0.02740466594696045,0.04085608571767807,vehicle,0.9251958131790161,0.8,low-res
5,0.3210670053958893,0.10511622577905655,0.02752786874771118,0.0422431156039238,vehicle,0.8997526168823242,0.8,low-res
5,0.3117314279079437,0.26176682114601135,0.03986865282058716,0.07321000099182129,vehicle,0.8658985495567322,0.8,low-res
5,0.35900062322616577,0.04960962012410164,0.021207988262176514,0.03633845970034599,vehicle,0.5565021634101868,0.8,low-res
5,0.315668523311615,0.17143480479717255,0.03349411487579346,0.059102609753608704,vehicle,0.7932620644569397,0.8,high-res
5,0.6792703866958618,0.21422691643238068,0.03446376323699951,0.07382388412952423,persons,0.45778533816337585,0.8,high-res
5,0.085307776927948,0.8912503123283386,0.12619459629058838,0.10393118858337402,vehicle,0.4363008439540863,0.8,mpeg
6,0.21933692693710327,0.5263647437095642,0.08295625448226929,0.1573997139930725,vehicle,0.5815586447715759,0.8,mpeg
6,0.3253295421600342,0.17459581792354584,0.03374803066253662,0.05697067081928253,vehicle,0.5318971276283264,0.8,low-res
6,0.22201192378997803,0.13463275134563446,0.036259859800338745,0.05949811637401581,vehicle,0.9831988215446472,0.8,low-res
6,0.16931402683258057,0.016286903992295265,0.6388078927993774,0.9750358723104,vehicle,0.8975606560707092,0.8,low-res
6,0.40271568298339844,0.1608501523733139,0.035807520151138306,0.055263951420784,vehicle,0.867183268070221,0.8,mpeg
6,0.37469711899757385,0.09722854942083359,0.024917513132095337,0.03558162599802017,vehicle,0.8347995281219482,0.8,mpeg
6,0.29356980323791504,0.3097659647464752,0.04736468195915222,0.09490767121315002,vehicle,0.8487275838851929,0.8,mpeg
6,0.3234848380088806,0.10499810427427292,0.02450096607208252,0.041946299374103546,vehicle,0.7660338282585144,0.8,mpeg
6,0.2754110097885132,0.1048344075679779,0.03549578785896301,0.07006993889808655,vehicle,0.523252546787262,0.8,mpeg
6,0.678885281085968,0.2121807485818863,0.03539276123046875,0.07583527266979218,persons,0.5529812574386597,0.8,high-res
6,0.3483443558216095,0.03469396382570267,0.012896299362182617,0.0065831467509269714,vehicle,0.5246585011482239,0.8,high-res
6,0.051084671169519424,0.6410932540893555,0.01293833926320076,0.051019906997680664,persons,0.3562175929546356,0.8,high-res
7,0.044007182121276855,0.0569525845348835,0.9117946028709412,0.9430474303662777,vehicle,0.6985901594161987,0.8,mpeg
7,0.2622127830982208,0.1602378934621811,0.04616376757621765,0.09574361145496368,vehicle,0.5585837364196777,0.8,mpeg
7,0.22153183817863464,0.1329362839460373,0.03744003176689148,0.05791811645030975,vehicle,0.9787573218345642,0.8,mpeg
7,0.3985939919948578,0.15397770702838898,0.035550057888031006,0.05165834724903107,vehicle,0.9077311754226685,0.8,low-res
7,0.3257502019405365,0.1970798820257187,0.033845603466033936,0.04280656576156616,vehicle,0.8746259808540344,0.8,mpeg
7,0.4300890266895294,0.24094349145889282,0.04961410164833069,0.08918988704681396,vehicle,0.7485342621803284,0.8,low-res
7,0.30603042244911194,0.30608585476875305,0.04840022325515747,0.09200885891914368,vehicle,0.7465734481811523,0.8,mpeg
7,0.2776997685432434,0.09448948502540588,0.02834382653236389,0.031765833497047424,vehicle,0.6222829222679138,0.8,low-res
7,0.35723093152046204,0.05132357403635979,0.023310691118240356,0.029438134282827377,vehicle,0.3512304425239563,0.8,high-res
7,0.30986493825912476,0.02827351726591587,0.021847248077392578,0.009788298979401588,vehicle,0.4550941586494446,0.8,mpeg
7,0.3242330849170685,0.0652783215045929,0.020108938217163086,0.03378800302743912,vehicle,0.4277626872062683,0.8,mpeg
8,0.07433465123176575,0.08221130818128586,0.9256653189659119,0.9177886918187141,vehicle,0.4149072468280792,0.8,mpeg
8,0.2213602215051651,0.13356173038482666,0.03733931481838226,0.05861601233482361,vehicle,0.9738658666610718,0.8,low-res
8,0.22601239383220673,0.2733224332332611,0.062409475445747375,0.1166834831237793,vehicle,0.9635873436927795,0.8,low-res
8,0.3042435050010681,0.33108773827552795,0.05723083019256592,0.10588264465332031,vehicle,0.93259197473526,0.8,mpeg
8,0.37888866662979126,0.09649627655744553,0.025689125061035156,0.03304138034582138,vehicle,0.9104079604148865,0.8,mpeg
8,0.2772993743419647,0.14040596783161163,0.030455350875854492,0.044547319412231445,vehicle,0.8923550844192505,0.8,mpeg
8,0.45420634746551514,0.36289578676223755,0.05776125192642212,0.13396769762039185,vehicle,0.8951215147972107,0.8,mpeg
8,0.17711538076400757,0.6165899634361267,0.1116395890712738,0.25138241052627563,vehicle,0.834187924861908,0.8,mpeg
8,0.42938563227653503,0.22153311967849731,0.042999446392059326,0.07348871231079102,vehicle,0.8212798237800598,0.8,low-res
8,0.32814741134643555,0.12638145685195923,0.023435592651367188,0.031203821301460266,vehicle,0.8068300485610962,0.8,low-res
8,0.2783257067203522,0.0824536457657814,0.027209997177124023,0.03654339909553528,vehicle,0.7436915636062622,0.8,mpeg
8,0.3497818410396576,0.02552093006670475,0.01852095127105713,0.028085121884942055,vehicle,0.6668220162391663,0.8,low-res
8,0.3221195340156555,0.07835868746042252,0.025926679372787476,0.0404585525393486,vehicle,0.4272148907184601,0.8,high-res
8,0.31514304876327515,0.040702130645513535,0.0171966552734375,0.025138329714536667,vehicle,0.4052514135837555,0.8,high-res
8,0.19232454895973206,0.3573268949985504,0.008395016193389893,0.03520447015762329,persons,0.3764653205871582,0.8,mpeg
8,0.05055943876504898,0.6400701999664307,0.012985281646251678,0.051735877990722656,persons,0.3745453357696533,0.8,high-res
8,0.3094674348831177,0.042540907859802246,0.013342201709747314,0.015061590820550919,vehicle,0.3693544268608093,0.8,high-res
9,0.09840993583202362,0.47949403524398804,0.12077030539512634,0.2467496395111084,vehicle,0.5691590905189514,0.8,low-res
9,0.36230167746543884,0.058823876082897186,0.018842220306396484,0.033205948770046234,vehicle,0.7778919339179993,0.8,mpeg
9,0.22092418372631073,0.13264505565166473,0.03649283945560455,0.058394983410835266,vehicle,0.9785689115524292,0.8,low-res
9,0.15258118510246277,0.07428698986768723,0.6347267627716064,0.9257130399346352,vehicle,0.9648297429084778,0.8,low-res
9,0.262300044298172,0.21229113638401031,0.042351365089416504,0.06527493894100189,vehicle,0.9540373682975769,0.8,low-res
9,0.12844952940940857,0.770952582359314,0.14892995357513428,0.21601247787475586,vehicle,0.9121913909912109,0.8,low-res
9,0.399231880903244,0.1464826613664627,0.03276592493057251,0.04936772584915161,vehicle,0.8944087028503418,0.8,low-res
9,0.4600676894187927,0.5534858107566833,0.08336961269378662,0.2337014079093933,vehicle,0.8859641551971436,0.8,low-res
9,0.27885565161705017,0.12763500213623047,0.030411243438720703,0.0432559996843338,vehicle,0.8716438412666321,0.8,mpeg
9,0.3329884111881256,0.19734004139900208,0.027829915285110474,0.0535244345664978,vehicle,0.8516453504562378,0.8,mpeg
9,0.32164162397384644,0.13369080424308777,0.02967846393585205,0.044708430767059326,vehicle,0.8176591396331787,0.8,mpeg
9,0.45029258728027344,0.29823726415634155,0.05054861307144165,0.10685870051383972,vehicle,0.8226884007453918,0.8,high-res
9,0.05143047869205475,0.6420113444328308,0.012948296964168549,0.054139554500579834,persons,0.5465424656867981,0.8,high-res
9,0.07437483221292496,0.591292679309845,0.013095840811729431,0.055956363677978516,persons,0.44318222999572754,0.8,mpeg
9,0.3138609230518341,0.07184194773435593,0.0199926495552063,0.026734091341495514,vehicle,0.31393831968307495,0.8,high-res
10,0.42905566096305847,0.2158048152923584,0.04178434610366821,0.06105497479438782,vehicle,0.5759508609771729,0.8,low-res
10,0.21675348281860352,0.33790460228919983,0.05907154083251953,0.10204368829727173,vehicle,0.897700846195221,0.8,low-res
10,0.0758916437625885,0.03578037768602371,0.8332031965255737,0.9642195999622345,vehicle,0.5921691060066223,0.8,mpeg
10,0.22051718831062317,0.13320359587669373,0.03698346018791199,0.05774116516113281,vehicle,0.9758338332176208,0.8,mpeg
10,0.3796570599079132,0.10448944568634033,0.02482891082763672,0.0412508100271225,vehicle,0.9642081260681152,0.8,mpeg
10,0.26771217584609985,0.19030174612998962,0.03765374422073364,0.0561230331659317,vehicle,0.9094187021255493,0.8,mpeg
10,0.3214581608772278,0.21256330609321594,0.04245787858963013,0.06259453296661377,vehicle,0.890521764755249,0.8,low-res
10,0.32017242908477783,0.10650680959224701,0.024644434452056885,0.04007872939109802,vehicle,0.8807990550994873,0.8,low-res
10,0.4671316146850586,0.4245307743549347,0.06032902002334595,0.1400676667690277,vehicle,0.8366602063179016,0.8,low-res
10,0.31240224838256836,0.02557656168937683,0.02229905128479004,0.027887437492609024,vehicle,0.6060155034065247,0.8,mpeg
10,0.3064732253551483,0.33746543526649475,0.047853946685791016,0.09494206309318542,vehicle,0.48150938749313354,0.8,mpeg
11,0.23493483662605286,0.29573947191238403,0.04695475101470947,0.09051716327667236,vehicle,0.7588925957679749,0.8,mpeg
11,0.22156313061714172,0.13400432467460632,0.03692367672920227,0.05853094160556793,vehicle,0.9816552400588989,0.8,mpeg
11,0.04476058483123779,0.61336749792099,0.13633716106414795,0.2221885323524475,vehicle,0.9713155031204224,0.8,low-res
11,0.29134905338287354,0.35852140188217163,0.05845719575881958,0.11124446988105774,vehicle,0.936042845249176,0.8,mpeg
11,0.3234320282936096,0.1606825590133667,0.03584110736846924,0.060469165444374084,vehicle,0.9324079751968384,0.8,mpeg
11,0.4041890799999237,0.1620968133211136,0.03323301672935486,0.05622120201587677,vehicle,0.8938891291618347,0.8,low-res
11,0.46163955330848694,0.30552297830581665,0.05513772368431091,0.09466776251792908,vehicle,0.8206737041473389,0.8,mpeg
11,0.1123848557472229,0.049034491181373596,0.8080438673496246,0.9509655237197876,vehicle,0.8075278997421265,0.8,low-res
11,0.31753167510032654,0.052165109664201736,0.02412918210029602,0.036230962723493576,vehicle,0.7323166131973267,0.8,low-res
11,0.17910829186439514,0.3594653606414795,0.012521699070930481,0.05443185567855835,persons,0.6298642158508301,0.8,mpeg
11,0.2031358927488327,0.328406423330307,0.010165959596633911,0.04645642638206482,persons,0.5662417411804199,0.8,high-res
11,0.18681742250919342,0.34787631034851074,0.013853013515472412,0.05085447430610657,persons,0.513023316860199,0.8,mpeg
11,0.1752210408449173,0.7056992053985596,0.10469429194927216,0.24894052743911743,vehicle,0.47198745608329773,0.8,mpeg
11,0.1993272453546524,0.3394564688205719,0.006510376930236816,0.03888857364654541,persons,0.5340977311134338,0.8,high-res
11,0.21306242048740387,0.31856921315193176,0.006071597337722778,0.03182542324066162,persons,0.32352784276008606,0.8,mpeg
12,0.06632459163665771,0.04284133017063141,0.791968822479248,0.9516712427139282,vehicle,0.927947998046875,0.8,low-res
12,0.27333226799964905,0.018594102934002876,0.02827596664428711,0.04777003079652786,vehicle,0.8840694427490234,0.8,low-res
12,0.22107245028018951,0.13209493458271027,0.03709174692630768,0.059526100754737854,vehicle,0.9889565110206604,0.8,low-res
12,0.111495740711689,0.7296911478042603,0.1537785455584526,0.26128900051116943,vehicle,0.967709481716156,0.8,low-res
12,0.3242402970790863,0.10151370614767075,0.024946928024291992,0.04124056547880173,vehicle,0.9581334590911865,0.8,low-res
12,0.488750159740448,0.4597863554954529,0.062177181243896484,0.15492022037506104,vehicle,0.9051001071929932,0.8,mpeg
12,0.31414151191711426,0.2603055536746979,0.04338574409484863,0.08762302994728088,vehicle,0.7570083737373352,0.8,mpeg
12,0.4292925000190735,0.23072311282157898,0.04447352886199951,0.08712643384933472,vehicle,0.6437774896621704,0.8,mpeg
12,0.11066411435604095,0.5200720429420471,0.10871468484401703,0.19805264472961426,vehicle,0.6362390518188477,0.8,mpeg
12,0.6797671914100647,0.21553784608840942,0.030591726303100586,0.07227319478988647,persons,0.3779059052467346,0.8,high-res
13,0.08805897831916809,0.0035881996154785156,0.8816266059875488,0.9964118078351021,vehicle,0.7043963074684143,0.8,low-res
13,0.22178184986114502,0.1334381103515625,0.036919355392456055,0.057399407029151917,vehicle,0.988538920879364,0.8,low-res
13,0.24300269782543182,0.4601656496524811,0.08364294469356537,0.17309710383415222,vehicle,0.9415125846862793,0.8,low-res
13,0.32620278000831604,0.16619868576526642,0.030925333499908447,0.06281758844852448,vehicle,0.9241155385971069,0.8,mpeg
13,0.2844224274158478,0.010661003179848194,0.021687328815460205,0.035523422062397,vehicle,0.7761483192443848,0.8,mpeg
13,0.27210724353790283,0.06564373522996902,0.03173327445983887,0.03849782049655914,vehicle,0.79130619764328,0.8,mpeg
13,0.45772451162338257,0.3483274579048157,0.052476584911346436,0.1035219132900238,vehicle,0.41226091980934143,0.8,high-res
14,0.22148637473583221,0.13428889214992523,0.036305829882621765,0.05821006000041962,vehicle,0.9857622385025024,0.8,mpeg
14,0.276974618434906,0.10062769800424576,0.02786201238632202,0.04915947467088699,vehicle,0.9552606344223022,0.8,low-res
14,0.4900220036506653,0.5242933630943298,0.0745469331741333,0.18099713325500488,vehicle,0.8904091715812683,0.8,low-res
14,0.11293335258960724,0.04174317419528961,0.5354134887456894,0.9582568407058716,vehicle,0.9144448041915894,0.8,mpeg
14,0.29300445318222046,0.29722654819488525,0.05060732364654541,0.09663575887680054,vehicle,0.7925131916999817,0.8,mpeg
14,0.28098323941230774,0.01999473012983799,0.029169976711273193,0.05506259948015213,vehicle,0.6264188289642334,0.8,high-res
15,0.279713898897171,0.03277956694364548,0.0335271954536438,0.0776759460568428,vehicle,0.8901098370552063,0.8,low-res
15,0.07766589522361755,0.0,0.8891362249851227,1.000000013038516,vehicle,0.717710554599762,0.8,low-res
15,0.34164321422576904,0.010994265787303448,0.019179433584213257,0.032111771404743195,vehicle,0.7803680896759033,0.8,mpeg
15,0.2201491743326187,0.13425953686237335,0.03596092760562897,0.057204216718673706,vehicle,0.9803779721260071,0.8,low-res
15,0.2713682949542999,0.15324196219444275,0.036435604095458984,0.06792865693569183,vehicle,0.892561674118042,0.8,mpeg
16,0.05605888366699219,0.020954344421625137,0.9146876037120819,0.979045681655407,vehicle,0.8853157162666321,0.8,mpeg
16,0.22069405019283295,0.13523314893245697,0.03567339479923248,0.05574220418930054,vehicle,0.9743938446044922,0.8,mpeg
16,0.28009507060050964,0.06960390508174896,0.03412151336669922,0.08730694651603699,vehicle,0.8869584202766418,0.8,mpeg
16,0.31049007177352905,0.05946115776896477,0.02252170443534851,0.03471999987959862,vehicle,0.5709204077720642,0.8,low-res
16,0.24455074965953827,0.23489931225776672,0.053290173411369324,0.10694164037704468,vehicle,0.8788138628005981,0.8,high-res
16,0.3508854806423187,0.04303726926445961,0.01789611577987671,0.02673465386033058,vehicle,0.6165377497673035,0.8,high-res
17,0.28446969389915466,0.04457222297787666,0.01695355772972107,0.02756160870194435,vehicle,0.6703571677207947,0.8,mpeg
17,0.08877259492874146,0.0,0.7646873593330383,1.0000000270083547,vehicle,0.904431939125061,0.8,low-res
17,0.21986578404903412,0.13489165902137756,0.036073967814445496,0.05678260326385498,vehicle,0.9686765074729919,0.8,low-res
17,0.3664281368255615,0.07228284329175949,0.021987557411193848,0.03247915208339691,vehicle,0.9334641098976135,0.8,mpeg
17,0.270670622587204,0.11208323389291763,0.04933008551597595,0.1206601932644844,vehicle,0.9310764670372009,0.8,low-res
17,0.3250611424446106,0.11384165287017822,0.026719987392425537,0.04131494462490082,vehicle,0.9092471599578857,0.8,low-res
17,0.15262416005134583,0.4037109315395355,0.09688620269298553,0.1875886619091034,vehicle,0.6740620732307434,0.8,mpeg
17,0.34615686535835266,0.038596875965595245,0.016253769397735596,0.016682855784893036,vehicle,0.4350377917289734,0.8,high-res
18,0.24004065990447998,0.21325641870498657,0.06279134750366211,0.1374034583568573,vehicle,0.6976222991943359,0.8,low-res
18,0.2207777500152588,0.13344843685626984,0.036125630140304565,0.05811534821987152,vehicle,0.9648834466934204,0.8,low-res
18,0.3819749653339386,0.11341847479343414,0.029140949249267578,0.040660783648490906,vehicle,0.927527904510498,0.8,mpeg
18,0.05442526936531067,0.07819737493991852,0.6510733664035797,0.9218026548624039,vehicle,0.91059809923172,0.8,mpeg
18,0.2808186411857605,0.08825192600488663,0.023112952709197998,0.03669873625040054,vehicle,0.8882001638412476,0.8,mpeg
18,0.0,0.8682731986045837,0.03161012753844261,0.12941277027130127,vehicle,0.7093492150306702,0.8,mpeg
18,0.3329509198665619,0.20300312340259552,0.03275561332702637,0.06465162336826324,vehicle,0.6183095574378967,0.8,low-res
18,0.3556058406829834,0.05747158080339432,0.020489037036895752,0.02369251847267151,vehicle,0.38376784324645996,0.8,high-res
18,0.3197799623012543,0.03393649309873581,0.016518056392669678,0.027224954217672348,vehicle,0.6905971765518188,0.8,low-res
18,0.35010501742362976,0.055831603705883026,0.01628488302230835,0.025232531130313873,vehicle,0.36748048663139343,0.8,high-res
19,0.14994001388549805,0.3544408082962036,0.11078211665153503,0.24199330806732178,vehicle,0.5352881550788879,0.8,low-res
19,0.21985730528831482,0.1352013498544693,0.036068081855773926,0.05626828968524933,vehicle,0.9762396812438965,0.8,low-res
19,0.2870597243309021,0.4045795202255249,0.06104564666748047,0.1245386004447937,vehicle,0.9098274111747742,0.8,low-res
19,0.32229718565940857,0.07563411444425583,0.02169853448867798,0.03955218195915222,vehicle,0.9026430249214172,0.8,low-res
19,0.27560898661613464,0.15449367463588715,0.032682329416275024,0.05148324370384216,vehicle,0.8882135152816772,0.8,mpeg
19,0.371503084897995,0.09064028412103653,0.02283233404159546,0.033285073935985565,vehicle,0.8994961977005005,0.8,mpeg
19,0.23603294789791107,0.029782453551888466,0.5013044029474258,0.97021752782166,vehicle,0.8277602195739746,0.8,low-res
19,0.40473151206970215,0.16591505706310272,0.03680694103240967,0.05768883228302002,vehicle,0.799924373626709,0.8,mpeg
19,0.2791489064693451,0.004749833140522242,0.02926546335220337,0.036524273455142975,vehicle,0.7885312438011169,0.8,low-res
20,0.32005324959754944,0.019038721919059753,0.021052241325378418,0.039176736027002335,vehicle,0.583882212638855,0.8,low-res
20,0.07965785264968872,0.06594281643629074,0.8794702887535095,0.9340571761131287,vehicle,0.9282087683677673,0.8,low-res
20,0.22082358598709106,0.1339178830385208,0.03643408417701721,0.0569014847278595,vehicle,0.9852404594421387,0.8,low-res
20,0.24707025289535522,0.27087926864624023,0.0496024489402771,0.08547216653823853,vehicle,0.9828558564186096,0.8,low-res
20,0.32591718435287476,0.1461026966571808,0.03258311748504639,0.05417796969413757,vehicle,0.9165967106819153,0.8,mpeg
20,0.38660570979118347,0.1386532336473465,0.030582576990127563,0.03829778730869293,vehicle,0.8967472910881042,0.8,low-res
20,0.27354496717453003,0.029147876426577568,0.03573867678642273,0.041053928434848785,vehicle,0.877933144569397,0.8,mpeg
20,0.4284036159515381,0.226092129945755,0.045524537563323975,0.09770643711090088,vehicle,0.5591835975646973,0.8,high-res
20,0.0002269260585308075,0.6607604622840881,0.1126740574836731,0.33875221014022827,vehicle,0.43822145462036133,0.8,mpeg
21,0.2201969027519226,0.1334904581308365,0.037365496158599854,0.05887173116207123,vehicle,0.983922004699707,0.8,low-res
21,0.4120728075504303,0.19326475262641907,0.0356881320476532,0.05136227607727051,vehicle,0.9669046998023987,0.8,mpeg
21,0.0994768813252449,0.5725231170654297,0.11873065680265427,0.20466560125350952,vehicle,0.9431430697441101,0.8,mpeg
21,0.30349236726760864,0.2804722785949707,0.04831176996231079,0.09751558303833008,vehicle,0.8945700526237488,0.8,low-res
21,0.09703737497329712,0.08749018609523773,0.6752061247825623,0.9125097990036011,vehicle,0.8432414531707764,0.8,mpeg
21,0.32416701316833496,0.06649027019739151,0.02398860454559326,0.0402781143784523,vehicle,0.8970746397972107,0.8,mpeg
21,0.2796236574649811,0.055961184203624725,0.03300756216049194,0.048098474740982056,vehicle,0.7378625869750977,0.8,low-res
21,0.45703762769699097,0.3361274302005768,0.0510404109954834,0.1275171935558319,vehicle,0.5903603434562683,0.8,mpeg
21,0.3088168501853943,0.010227624326944351,0.01692986488342285,0.030007272958755493,vehicle,0.8140457272529602,0.8,low-res
21,0.34850385785102844,0.03245215862989426,0.016881585121154785,0.021671157330274582,vehicle,0.49033844470977783,0.8,high-res
22,0.35737231373786926,0.04556186869740486,0.02281990647315979,0.03992274031043053,vehicle,0.5823608040809631,0.8,mpeg
22,0.022281795740127563,0.03582737222313881,0.9211168587207794,0.9641726538538933,vehicle,0.8881204724311829,0.8,low-res
22,0.27222004532814026,0.021863693371415138,0.044000595808029175,0.13572092913091183,vehicle,0.4683865010738373,0.8,mpeg
22,0.2223740816116333,0.13599057495594025,0.03494894504547119,0.05563816428184509,vehicle,0.9708701968193054,0.8,mpeg
22,0.1095755472779274,0.7258785367012024,0.15236854553222656,0.2510395646095276,vehicle,0.8191554546356201,0.8,mpeg
22,0.43285050988197327,0.2518012821674347,0.0453794002532959,0.08452761173248291,vehicle,0.6503479480743408,0.8,low-res
22,0.32786357402801514,0.1199299767613411,0.033509403467178345,0.0679909959435463,vehicle,0.4081075191497803,0.8,high-res
22,0.3113381862640381,0.03992680087685585,0.020336627960205078,0.03169136866927147,vehicle,0.42631709575653076,0.8,high-res
23,0.042198002338409424,0.026928212493658066,0.9381440877914429,0.973071813583374,vehicle,0.9491934180259705,0.8,low-res
23,0.2662176489830017,0.05404422804713249,0.052521705627441406,0.17908111214637756,vehicle,0.5787060260772705,0.8,low-res
23,0.3165036737918854,0.231051504611969,0.048209547996520996,0.0978773832321167,vehicle,0.5223994255065918,0.8,mpeg
23,0.37171804904937744,0.08427252620458603,0.031373679637908936,0.04553971439599991,vehicle,0.6545069813728333,0.8,mpeg
23,0.21970230340957642,0.13337835669517517,0.03649097681045532,0.05767446756362915,vehicle,0.977495014667511,0.8,low-res
23,0.31496793031692505,0.07734092324972153,0.02502506971359253,0.03758607804775238,vehicle,0.8460433483123779,0.8,mpeg
23,0.45544397830963135,0.3525443375110626,0.05446887016296387,0.09558123350143433,vehicle,0.6304813027381897,0.8,mpeg
23,0.3112243413925171,0.011523976922035217,0.017362117767333984,0.030663732439279556,vehicle,0.5442721247673035,0.8,high-res
23,0.02183215133845806,0.7013989686965942,0.011388825252652168,0.04883688688278198,persons,0.3573808968067169,0.8,mpeg
24,0.4703752100467682,0.48522382974624634,0.061924248933792114,0.16819977760314941,vehicle,0.81932532787323,0.8,low-res
24,0.2369304746389389,0.12171922624111176,0.0794537216424942,0.220306858420372,vehicle,0.5208552479743958,0.8,low-res
24,0.11402782797813416,0.014874352142214775,0.7956912517547607,0.9851256664842367,vehicle,0.9512461423873901,0.8,low-res
24,0.31923627853393555,0.0404655821621418,0.023101389408111572,0.031084876507520676,vehicle,0.6959682106971741,0.8,low-res
24,0.22272785007953644,0.13376456499099731,0.02844749391078949,0.05790680646896362,vehicle,0.9034602046012878,0.8,low-res
24,0.32018256187438965,0.13369004428386688,0.031196892261505127,0.04333077371120453,vehicle,0.9012941718101501,0.8,low-res
24,0.22142335772514343,0.48503145575523376,0.0993354320526123,0.24590268731117249,vehicle,0.8148456811904907,0.8,mpeg
24,0.3895587921142578,0.12852786481380463,0.033507347106933594,0.05653083324432373,vehicle,0.6712635159492493,0.8,low-res
24,0.35189199447631836,0.026141950860619545,0.016213297843933105,0.020621908828616142,vehicle,0.33144617080688477,0.8,mpeg
25,0.16989749670028687,0.17549796402454376,0.1422593891620636,0.3591126650571823,vehicle,0.5188018083572388,0.8,low-res
25,0.1881512701511383,0.019498983398079872,0.7152644395828247,0.9741002786904573,vehicle,0.7552546858787537,0.8,low-res
25,0.20787781476974487,0.13248984515666962,0.04751911759376526,0.07426795363426208,vehicle,0.5792227387428284,0.8,low-res
25,0.3554333448410034,0.047739140689373016,0.024823933839797974,0.03597836196422577,vehicle,0.7534067034721375,0.8,mpeg
25,0.31705719232559204,0.21303138136863708,0.04320061206817627,0.06846624612808228,vehicle,0.944153904914856,0.8,low-res
25,0.40971049666404724,0.17809680104255676,0.04493334889411926,0.07947695255279541,vehicle,0.8095610737800598,0.8,low-res
25,0.317457914352417,0.06287679076194763,0.03153452277183533,0.056278735399246216,vehicle,0.6263365745544434,0.8,mpeg
25,0.28886348009109497,0.13036637008190155,0.027380943298339844,0.04339103400707245,vehicle,0.551702082157135,0.8,low-res
25,0.27553173899650574,0.013682597316801548,0.03506362438201904,0.08536870032548904,vehicle,0.7349289059638977,0.8,mpeg
26,0.34683942794799805,0.033342260867357254,0.022974401712417603,0.030606690794229507,vehicle,0.43778833746910095,0.8,mpeg
26,0.015068039298057556,0.2701064944267273,0.29513901472091675,0.6220996975898743,vehicle,0.8945609927177429,0.8,mpeg
26,0.4375172257423401,0.2449847012758255,0.051918596029281616,0.1094568520784378,vehicle,0.5248898267745972,0.8,low-res
26,0.32192566990852356,0.08444394916296005,0.03749328851699829,0.09265132993459702,vehicle,0.5860111117362976,0.8,mpeg
26,0.2194104641675949,0.13211111724376678,0.03818245232105255,0.05447876453399658,vehicle,0.9583057761192322,0.8,low-res
26,0.3705424666404724,0.08066985011100769,0.023931562900543213,0.041821062564849854,vehicle,0.9116926193237305,0.8,mpeg
26,0.2804999053478241,0.11013517528772354,0.024461567401885986,0.03610306233167648,vehicle,0.8704333305358887,0.8,low-res
26,0.28510311245918274,0.21291789412498474,0.04330912232398987,0.07253649830818176,vehicle,0.8576928973197937,0.8,low-res
26,0.29556646943092346,0.3606685698032379,0.06074211001396179,0.12005969882011414,vehicle,0.8715252876281738,0.8,mpeg
26,0.13196465373039246,0.02528264746069908,0.770990252494812,0.974717378616333,vehicle,0.5746234059333801,0.8,mpeg
27,0.08654174208641052,0.046614065766334534,0.8085286617279053,0.9533859491348267,vehicle,0.8127914667129517,0.8,mpeg
27,0.35708871483802795,0.0565924309194088,0.02935752272605896,0.039225976914167404,vehicle,0.3710740804672241,0.8,mpeg
27,0.2206277847290039,0.13414473831653595,0.03441774845123291,0.05421321094036102,vehicle,0.9841063618659973,0.8,low-res
27,0.2755993604660034,0.15869605541229248,0.03141471743583679,0.05047385394573212,vehicle,0.9446563720703125,0.8,mpeg
27,0.2786496877670288,0.3357090950012207,0.054094016551971436,0.10887697339057922,vehicle,0.911338746547699,0.8,low-res
27,0.21397164463996887,0.5916911363601685,0.11176550388336182,0.25154298543930054,vehicle,0.8915698528289795,0.8,mpeg
27,0.3883854150772095,0.13449648022651672,0.032467663288116455,0.047572195529937744,vehicle,0.7511187195777893,0.8,mpeg
27,0.45205503702163696,0.32293078303337097,0.0604327917098999,0.1432282030582428,vehicle,0.751264750957489,0.8,low-res
27,0.3214103877544403,0.15039287507534027,0.04700189828872681,0.12525083124637604,vehicle,0.6353192329406738,0.8,high-res
27,0.28105592727661133,0.023249369114637375,0.022525489330291748,0.03770366683602333,vehicle,0.7357027530670166,0.8,high-res
27,0.30798888206481934,0.00942276418209076,0.017380952835083008,0.032424446195364,vehicle,0.4910903573036194,0.8,high-res
27,0.31568655371665955,0.06548334658145905,0.026135504245758057,0.03288866579532623,vehicle,0.30561479926109314,0.8,high-res
28,0.2201288938522339,0.13346372544765472,0.0363331139087677,0.054898783564567566,vehicle,0.98173588514328,0.8,low-res
28,0.8212601542472839,0.5281170010566711,0.1169024109840393,0.1647084355354309,vehicle,0.9810066223144531,0.8,mpeg
28,0.25350499153137207,0.4681471288204193,0.07495832443237305,0.16158750653266907,vehicle,0.97735595703125,0.8,low-res
28,0.3127170205116272,0.22632010281085968,0.056490540504455566,0.1711709350347519,vehicle,0.9179776310920715,0.8,mpeg
28,0.3184829652309418,0.09999071061611176,0.03287443518638611,0.05055198073387146,vehicle,0.7799757719039917,0.8,mpeg
28,0.41033005714416504,0.1868763566017151,0.038328081369400024,0.060337990522384644,vehicle,0.8766881227493286,0.8,mpeg
28,0.27758973836898804,0.05207960680127144,0.0249159038066864,0.04478965327143669,vehicle,0.7842490673065186,0.8,low-res
28,0.46283701062202454,0.4081146717071533,0.06497368216514587,0.1732182502746582,vehicle,0.7571382522583008,0.8,low-res
28,0.2651537358760834,0.23569287359714508,0.04101300239562988,0.06603951752185822,vehicle,0.733288049697876,0.8,low-res
28,0.0,0.45724794268608093,0.20847095549106598,0.5359214544296265,vehicle,0.7073841094970703,0.8,low-res
28,0.19100421667099,0.003380033653229475,0.6160123348236084,0.9966199533082545,vehicle,0.6624093651771545,0.8,low-res
28,0.1955767273902893,0.3300338685512543,0.011438131332397461,0.054096490144729614,persons,0.38624757528305054,0.8,mpeg
28,0.37369948625564575,0.0923357754945755,0.027604341506958008,0.045762717723846436,vehicle,0.8503783345222473,0.8,high-res
28,0.30953219532966614,0.04095764830708504,0.011167526245117188,0.016605433076620102,vehicle,0.5112218260765076,0.8,mpeg
28,0.3497754633426666,0.024042103439569473,0.029822945594787598,0.05262066796422005,vehicle,0.42467767000198364,0.8,high-res
28,0.316677451133728,0.039161231368780136,0.014549672603607178,0.019544243812561035,vehicle,0.37893667817115784,0.8,mpeg
29,0.23510217666625977,0.30643606185913086,0.056439220905303955,0.11185583472251892,vehicle,0.9138288497924805,0.8,mpeg
29,0.36268845200538635,0.05021507292985916,0.03699082136154175,0.061266884207725525,vehicle,0.7652288675308228,0.8,mpeg
29,0.22100666165351868,0.1345333606004715,0.03546321392059326,0.053425148129463196,vehicle,0.9768970608711243,0.8,mpeg
29,0.2254549264907837,0.5613705515861511,0.09268030524253845,0.2152302861213684,vehicle,0.9239839315414429,0.8,low-res
29,0.46536514163017273,0.46834319829940796,0.07143482565879822,0.1939496397972107,vehicle,0.903706431388855,0.8,mpeg
29,0.291026771068573,0.30703702569007874,0.07220816612243652,0.22879084944725037,vehicle,0.8849925398826599,0.8,mpeg
29,0.32251688838005066,0.1390542834997177,0.0388525128364563,0.08065348863601685,vehicle,0.7689123749732971,0.8,mpeg
29,0.3158230781555176,0.06314209848642349,0.02574002742767334,0.03643593192100525,vehicle,0.5250568389892578,0.8,mpeg
29,0.2838022708892822,0.03654412552714348,0.01610293984413147,0.019802726805210114,vehicle,0.5255892872810364,0.8,low-res
29,0.27806124091148376,0.07363680005073547,0.030323445796966553,0.06247758865356445,vehicle,0.5246413946151733,0.8,high-res
29,0.3837944269180298,0.11984477937221527,0.03651160001754761,0.06490583717823029,vehicle,0.4433184266090393,0.8,mpeg
29,0.42892348766326904,0.23584389686584473,0.04894447326660156,0.08114799857139587,vehicle,0.8057364821434021,0.8,mpeg
29,0.18473362922668457,0.06203179806470871,0.7452725172042847,0.9379681944847107,vehicle,0.4031648635864258,0.8,mpeg
29,0.20743533968925476,0.3312331438064575,0.005806773900985718,0.031516849994659424,persons,0.32674354314804077,0.8,high-res
29,0.0,0.5235393643379211,0.18464678525924683,0.47418642044067383,vehicle,0.3035221993923187,0.8,mpeg
